S3771R07.jpg 298,238 130 
S3422L05.jpg 312,192 126 
S3972L04.jpg 320,148 121 
S3261R03.jpg 148,266 70 
S3771R06.jpg 294,218 130 
S3282R03.jpg 240,186 137 
S3742R03.jpg 252,146 110 
S3021R07.jpg 340,198 136 
S3431R09.jpg 352,144 128 
S3601R06.jpg 372,156 127 
S3981R02.jpg 346,228 134 
S3421R08.jpg 254,196 110 
S3041R10.jpg 374,196 103 
S3492L01.jpg 254,210 116 
S3352L03.jpg 198,170 130 
S3462R01.jpg 238,154 123 
S3341R08.jpg 236,228 44 
S3422L02.jpg 378,178 119 
S3121R06.jpg 290,198 122 
S3121R04.jpg 306,196 117 
S3902L08.jpg 248,158 138 
S3532L01.jpg 296,146 138 
S3922R03.jpg 308,212 110 
S3052L03.jpg 324,182 96 
S3621R04.jpg 214,270 135 
S3731R02.jpg 370,186 130 
S3552R05.jpg 368,224 131 
S3512L02.jpg 252,206 152 
S3601R02.jpg 376,182 128 
S3512R10.jpg 294,232 108 
S3841L06.jpg 328,214 169 
S3822L10.jpg 250,174 126 
S3771R05.jpg 318,228 130 
S3512L01.jpg 296,232 108 
S3701R09.jpg 274,182 139 
S3841L01.jpg 224,176 114 
S3361R09.jpg 280,202 91 
S3822L07.jpg 284,160 131 
S3422R02.jpg 352,222 106 
S3452R03.jpg 334,208 104 
S3421L06.jpg 280,200 123 
S3771R01.jpg 266,222 118 
S3121R02.jpg 336,204 109 
S3422L04.jpg 312,194 116 
S3141R01.jpg 264,144 96 
S3092L06.jpg 228,172 127 
S3982L01.jpg 276,200 147 
S3962R05.jpg 220,172 279 
S3492L09.jpg 244,210 123 
S3091R01.jpg 282,258 217 
S3042L03.jpg 366,192 134 
S3491R01.jpg 336,178 124 
S3922R02.jpg 320,196 125 
S3902L07.jpg 266,168 118 
S3442L08.jpg 376,100 123 
S3451L05.jpg 356,210 130 
S3321L01.jpg 334,206 96 
S3172R01.jpg 296,136 101 
S3122R02.jpg 318,140 139 
S3701R04.jpg 288,192 129 
S3682R10.jpg 162,224 114 
S3731L01.jpg 236,150 155 
S3982L03.jpg 314,210 133 
S3492R10.jpg 240,186 117 
S3422L09.jpg 286,176 122 
S3491R02.jpg 332,186 129 
S3731L02.jpg 276,192 123 
S3492L04.jpg 254,230 118 
S3702R06.jpg 290,188 137 
S3872R01.jpg 284,234 126 
S3922R04.jpg 382,172 120 
S3021R08.jpg 344,206 137 
S3421L04.jpg 300,204 123 
S3611L02.jpg 196,180 116 
S3421L07.jpg 302,182 135 
S3491L03.jpg 276,262 103 
S3391R01.jpg 376,146 118 
S3421L03.jpg 286,194 132 
S3552R08.jpg 402,200 136 
S3601R04.jpg 372,162 125 
S3312R04.jpg 390,158 113 
S3382R04.jpg 364,194 114 
S3392R05.jpg 300,190 126 
S3122L06.jpg 268,216 123 
S3382R02.jpg 304,204 136 
S3692R01.jpg 360,188 139 
S3982R06.jpg 270,220 109 
S3972L06.jpg 292,146 133 
S3042L04.jpg 352,182 138 
S3092L03.jpg 256,178 123 
S3182R04.jpg 370,288 93 
S3121R01.jpg 332,162 142 
S3762L02.jpg 354,196 119 
S3381R01.jpg 378,170 100 
S3771R10.jpg 326,200 112 
S3512L05.jpg 292,220 118 
S3971R10.jpg 196,190 123 
